u,s: 0.0008799999999999999 0.000881
target [0, 0, 2, 14, 48, 131, 197, 255, 194, 102, 39, 13, 3, 1, 0, 0, 0, 0, 0, 0]
result [0, 0, 0, 3, 33, 130, 213, 269, 201, 108, 35, 7, 1, 0, 0, 0, 0, 0, 0, 0]
30.740852297878796
u,s: 0.0008799999999999999 0.000882
target [0, 0, 2, 14, 48, 131, 197, 255, 194, 102, 39, 13, 3, 1, 0, 0, 0, 0, 0, 0]
result [0, 0, 0, 7, 41, 144, 214, 264, 185, 104, 32, 7, 2, 0, 0, 0, 0, 0, 0, 0]
28.513154858766505
u,s: 0.0008799999999999999 0.000886
target [0, 0, 2, 14, 48, 131, 197, 255, 194, 102, 39, 13, 3, 1, 0, 0, 0, 0, 0, 0]
result [0, 0, 0, 6, 42, 141, 213, 240, 199, 107, 39, 10, 2, 1, 0, 0, 0, 0, 0, 0]
27.294688127912362
u,s: 0.0008799999999999999 0.000891
target [0, 0, 2, 14, 48, 131, 197, 255, 194, 102, 39, 13, 3, 1, 0, 0, 0, 0, 0, 0]
result [0, 0, 0, 4, 46, 129, 206, 254, 201, 112, 37, 10, 0, 1, 0, 0, 0, 0, 0, 0]
19.1049731745428
u,s: 0.0008839999999999999 0.000883
target [0, 0, 2, 14, 48, 131, 197, 255, 194, 102, 39, 13, 3, 1, 0, 0, 0, 0, 0, 0]
result [0, 0, 0, 11, 45, 132, 206, 259, 203, 95, 36, 12, 1, 0, 0, 0, 0, 0, 0, 0]
16.278820596099706
